1553256287,91,88,1306,2262,2464
1553256289,63,73,1206,1883,2349
1553256291,60,60,1821,1908,2833
1553256293,79,82,1298,1659,2346
1553256295,79,57,1892,1734,2398
1553256297,54,61,1903,2666,2544
1553256299,72,64,1824,2405,2618
1553256301,88,69,1515,2906,2966
1553256303,81,50,1348,2213,2617
1553256305,99,53,1580,2244,2962
1553256307,70,54,1929,1898,2040
1553256309,59,75,1922,2159,2375
1553256311,55,59,1859,2467,2875
1553256313,96,69,1893,1590,2344
1553256315,50,70,1945,1617,2622
1553256317,83,81,1791,2221,2316
1553256319,52,84,1750,2710,2569
1553256321,83,58,1214,2448,2957
1553256323,96,90,1520,2305,2175
1553256325,77,71,1291,2558,2868
1553256327,60,66,1007,2691,2657
1553256329,86,74,1523,2243,2448
1553256331,71,67,1004,2535,2127
1553256333,66,83,1723,2230,2661
1553256335,92,67,1555,2122,2962
1553256337,54,67,1873,2692,2721
